Pos	A	C	G	T
1	0.153846	0.000000	0.615385	0.230769
2	0.000000	0.000000	0.846154	0.153846
3	0.000000	0.000000	1.000000	0.000000
4	0.076923	0.000000	0.923077	0.000000
5	1.000000	0.000000	0.000000	0.000000
6	0.461538	0.461538	0.000000	0.076923
7	0.076923	0.076923	0.153846	0.692308
8	0.000000	0.230769	0.000000	0.769231
9	0.076923	0.230769	0.000000	0.692308
10	0.076923	0.923077	0.000000	0.000000
11	0.000000	0.923077	0.000000	0.076923
12	0.153846	0.307692	0.230769	0.307692
13	0.230769	0.307692	0.230769	0.230769
